2021/10/13-17:31:38.041918 7f3eb80f1700 RocksDB version: 6.10.2
2021/10/13-17:31:38.043659 7f3eb80f1700 Git sha rocksdb_build_git_sha:
2021/10/13-17:31:38.043691 7f3eb80f1700 Compile date Jun 28 2020
2021/10/13-17:31:38.043704 7f3eb80f1700 DB SUMMARY
2021/10/13-17:31:38.043934 7f3eb80f1700 SST files in data/standalone/bookkeeper0/current/locations dir, Total Num: 0, files: 
2021/10/13-17:31:38.043945 7f3eb80f1700 Write Ahead Log file in data/standalone/bookkeeper0/current/locations: 
2021/10/13-17:31:38.043956 7f3eb80f1700                         Options.error_if_exists: 0
2021/10/13-17:31:38.043962 7f3eb80f1700                       Options.create_if_missing: 1
2021/10/13-17:31:38.043968 7f3eb80f1700                         Options.paranoid_checks: 1
2021/10/13-17:31:38.043975 7f3eb80f1700                                     Options.env: 0x7f3d1402bf20
2021/10/13-17:31:38.043980 7f3eb80f1700                                      Options.fs: Posix File System
2021/10/13-17:31:38.044002 7f3eb80f1700                                Options.info_log: 0x7f3eb250f4c0
2021/10/13-17:31:38.044009 7f3eb80f1700                Options.max_file_opening_threads: 16
2021/10/13-17:31:38.044017 7f3eb80f1700                              Options.statistics: (nil)
2021/10/13-17:31:38.044024 7f3eb80f1700                               Options.use_fsync: 0
2021/10/13-17:31:38.044030 7f3eb80f1700                       Options.max_log_file_size: 0
2021/10/13-17:31:38.044039 7f3eb80f1700                  Options.max_manifest_file_size: 1073741824
2021/10/13-17:31:38.044047 7f3eb80f1700                   Options.log_file_time_to_roll: 86400
2021/10/13-17:31:38.044055 7f3eb80f1700                       Options.keep_log_file_num: 30
2021/10/13-17:31:38.044063 7f3eb80f1700                    Options.recycle_log_file_num: 0
2021/10/13-17:31:38.044068 7f3eb80f1700                         Options.allow_fallocate: 1
2021/10/13-17:31:38.044075 7f3eb80f1700                        Options.allow_mmap_reads: 0
2021/10/13-17:31:38.044083 7f3eb80f1700                       Options.allow_mmap_writes: 0
2021/10/13-17:31:38.044090 7f3eb80f1700                        Options.use_direct_reads: 0
2021/10/13-17:31:38.044096 7f3eb80f1700                        Options.use_direct_io_for_flush_and_compaction: 0
2021/10/13-17:31:38.044102 7f3eb80f1700          Options.create_missing_column_families: 0
2021/10/13-17:31:38.044110 7f3eb80f1700                              Options.db_log_dir: 
2021/10/13-17:31:38.044118 7f3eb80f1700                                 Options.wal_dir: data/standalone/bookkeeper0/current/locations
2021/10/13-17:31:38.044126 7f3eb80f1700                Options.table_cache_numshardbits: 6
2021/10/13-17:31:38.044134 7f3eb80f1700                      Options.max_subcompactions: 1
2021/10/13-17:31:38.044140 7f3eb80f1700                         Options.WAL_ttl_seconds: 0
2021/10/13-17:31:38.044148 7f3eb80f1700                       Options.WAL_size_limit_MB: 0
2021/10/13-17:31:38.044154 7f3eb80f1700                        Options.max_write_batch_group_size_bytes: 1048576
2021/10/13-17:31:38.044162 7f3eb80f1700             Options.manifest_preallocation_size: 4194304
2021/10/13-17:31:38.044169 7f3eb80f1700                     Options.is_fd_close_on_exec: 1
2021/10/13-17:31:38.044180 7f3eb80f1700                   Options.advise_random_on_open: 1
2021/10/13-17:31:38.044189 7f3eb80f1700                    Options.db_write_buffer_size: 0
2021/10/13-17:31:38.044196 7f3eb80f1700                    Options.write_buffer_manager: 0x7f3eb25c3300
2021/10/13-17:31:38.044205 7f3eb80f1700         Options.access_hint_on_compaction_start: 1
2021/10/13-17:31:38.044211 7f3eb80f1700  Options.new_table_reader_for_compaction_inputs: 0
2021/10/13-17:31:38.044219 7f3eb80f1700           Options.random_access_max_buffer_size: 1048576
2021/10/13-17:31:38.044225 7f3eb80f1700                      Options.use_adaptive_mutex: 0
2021/10/13-17:31:38.044231 7f3eb80f1700                            Options.rate_limiter: (nil)
2021/10/13-17:31:38.044240 7f3eb80f1700     Options.sst_file_manager.rate_bytes_per_sec: 0
2021/10/13-17:31:38.044247 7f3eb80f1700                       Options.wal_recovery_mode: 2
2021/10/13-17:31:38.045572 7f3eb80f1700                  Options.enable_thread_tracking: 0
2021/10/13-17:31:38.045589 7f3eb80f1700                  Options.enable_pipelined_write: 0
2021/10/13-17:31:38.045594 7f3eb80f1700                  Options.unordered_write: 0
2021/10/13-17:31:38.045600 7f3eb80f1700         Options.allow_concurrent_memtable_write: 1
2021/10/13-17:31:38.045609 7f3eb80f1700      Options.enable_write_thread_adaptive_yield: 1
2021/10/13-17:31:38.045614 7f3eb80f1700             Options.write_thread_max_yield_usec: 100
2021/10/13-17:31:38.045620 7f3eb80f1700            Options.write_thread_slow_yield_usec: 3
2021/10/13-17:31:38.045626 7f3eb80f1700                               Options.row_cache: None
2021/10/13-17:31:38.045631 7f3eb80f1700                              Options.wal_filter: None
2021/10/13-17:31:38.045637 7f3eb80f1700             Options.avoid_flush_during_recovery: 0
2021/10/13-17:31:38.045645 7f3eb80f1700             Options.allow_ingest_behind: 0
2021/10/13-17:31:38.045651 7f3eb80f1700             Options.preserve_deletes: 0
2021/10/13-17:31:38.045656 7f3eb80f1700             Options.two_write_queues: 0
2021/10/13-17:31:38.045661 7f3eb80f1700             Options.manual_wal_flush: 0
2021/10/13-17:31:38.045667 7f3eb80f1700             Options.atomic_flush: 0
2021/10/13-17:31:38.045673 7f3eb80f1700             Options.avoid_unnecessary_blocking_io: 0
2021/10/13-17:31:38.045679 7f3eb80f1700                 Options.persist_stats_to_disk: 0
2021/10/13-17:31:38.045685 7f3eb80f1700                 Options.write_dbid_to_manifest: 0
2021/10/13-17:31:38.045691 7f3eb80f1700                 Options.log_readahead_size: 0
2021/10/13-17:31:38.045698 7f3eb80f1700                 Options.file_checksum_gen_factory: Unknown
2021/10/13-17:31:38.045707 7f3eb80f1700                 Options.best_efforts_recovery: 0
2021/10/13-17:31:38.045716 7f3eb80f1700             Options.max_background_jobs: 32
2021/10/13-17:31:38.045724 7f3eb80f1700             Options.max_background_compactions: -1
2021/10/13-17:31:38.045732 7f3eb80f1700             Options.avoid_flush_during_shutdown: 0
2021/10/13-17:31:38.045740 7f3eb80f1700           Options.writable_file_max_buffer_size: 1048576
2021/10/13-17:31:38.045749 7f3eb80f1700             Options.delayed_write_rate : 16777216
2021/10/13-17:31:38.045757 7f3eb80f1700             Options.max_total_wal_size: 536870912
2021/10/13-17:31:38.045765 7f3eb80f1700             Options.delete_obsolete_files_period_micros: 3600000000
2021/10/13-17:31:38.045774 7f3eb80f1700                   Options.stats_dump_period_sec: 600
2021/10/13-17:31:38.045782 7f3eb80f1700                 Options.stats_persist_period_sec: 600
2021/10/13-17:31:38.045790 7f3eb80f1700                 Options.stats_history_buffer_size: 1048576
2021/10/13-17:31:38.045798 7f3eb80f1700                          Options.max_open_files: -1
2021/10/13-17:31:38.045806 7f3eb80f1700                          Options.bytes_per_sync: 0
2021/10/13-17:31:38.045814 7f3eb80f1700                      Options.wal_bytes_per_sync: 0
2021/10/13-17:31:38.045822 7f3eb80f1700                   Options.strict_bytes_per_sync: 0
2021/10/13-17:31:38.045830 7f3eb80f1700       Options.compaction_readahead_size: 0
2021/10/13-17:31:38.045837 7f3eb80f1700                  Options.max_background_flushes: -1
2021/10/13-17:31:38.045842 7f3eb80f1700 Compression algorithms supported:
2021/10/13-17:31:38.045848 7f3eb80f1700 	kZSTDNotFinalCompression supported: 1
2021/10/13-17:31:38.045856 7f3eb80f1700 	kZSTD supported: 1
2021/10/13-17:31:38.045863 7f3eb80f1700 	kXpressCompression supported: 0
2021/10/13-17:31:38.045868 7f3eb80f1700 	kLZ4HCCompression supported: 1
2021/10/13-17:31:38.045872 7f3eb80f1700 	kLZ4Compression supported: 1
2021/10/13-17:31:38.045878 7f3eb80f1700 	kBZip2Compression supported: 1
2021/10/13-17:31:38.045923 7f3eb80f1700 	kZlibCompression supported: 1
2021/10/13-17:31:38.045932 7f3eb80f1700 	kSnappyCompression supported: 1
2021/10/13-17:31:38.045944 7f3eb80f1700 Fast CRC32 supported: Not supported on x86
2021/10/13-17:31:38.054390 7f3eb80f1700 [/db_impl/db_impl_open.cc:271] Creating manifest 1 
2021/10/13-17:31:38.068023 7f3eb80f1700 [/version_set.cc:4477] Recovering from manifest file: data/standalone/bookkeeper0/current/locations/MANIFEST-000001
2021/10/13-17:31:38.070544 7f3eb80f1700 [/column_family.cc:579] --------------- Options for column family [default]:
2021/10/13-17:31:38.070563 7f3eb80f1700               Options.comparator: leveldb.BytewiseComparator
2021/10/13-17:31:38.070568 7f3eb80f1700           Options.merge_operator: None
2021/10/13-17:31:38.070574 7f3eb80f1700        Options.compaction_filter: None
2021/10/13-17:31:38.070582 7f3eb80f1700        Options.compaction_filter_factory: None
2021/10/13-17:31:38.070591 7f3eb80f1700         Options.memtable_factory: SkipListFactory
2021/10/13-17:31:38.070599 7f3eb80f1700            Options.table_factory: BlockBasedTable
2021/10/13-17:31:38.070632 7f3eb80f1700            table_factory options:   flush_block_policy_factory: FlushBlockBySizePolicyFactory (0x7f3eb25bda00)
  cache_index_and_filter_blocks: 1
  cache_index_and_filter_blocks_with_high_priority: 0
  pin_l0_filter_and_index_blocks_in_cache: 0
  pin_top_level_index_and_filter: 1
  index_type: 0
  data_block_index_type: 0
  index_shortening: 1
  data_block_hash_table_util_ratio: 0.750000
  hash_index_allow_collision: 1
  checksum: 2
  no_block_cache: 0
  block_cache: 0x7f3eb25c4880
  block_cache_name: LRUCache
  block_cache_options:
    capacity : 429496729
    num_shard_bits : 6
    strict_capacity_limit : 0
    memory_allocator : None
    high_pri_pool_ratio: 0.000
  block_cache_compressed: (nil)
  persistent_cache: (nil)
  block_size: 4096
  block_size_deviation: 10
  block_restart_interval: 16
  index_block_restart_interval: 1
  metadata_block_size: 4096
  partition_filters: 0
  use_delta_encoding: 1
  filter_policy: rocksdb.BuiltinBloomFilter
  whole_key_filtering: 1
  verify_compression: 1
  read_amp_bytes_per_bit: 0
  format_version: 2
  enable_index_compression: 1
  block_align: 0
2021/10/13-17:31:38.070641 7f3eb80f1700        Options.write_buffer_size: 4194304
2021/10/13-17:31:38.070650 7f3eb80f1700  Options.max_write_buffer_number: 4
2021/10/13-17:31:38.070658 7f3eb80f1700          Options.compression: LZ4
2021/10/13-17:31:38.070666 7f3eb80f1700                  Options.bottommost_compression: Disabled
2021/10/13-17:31:38.070674 7f3eb80f1700       Options.prefix_extractor: nullptr
2021/10/13-17:31:38.070682 7f3eb80f1700   Options.memtable_insert_with_hint_prefix_extractor: nullptr
2021/10/13-17:31:38.070690 7f3eb80f1700             Options.num_levels: 7
2021/10/13-17:31:38.070698 7f3eb80f1700        Options.min_write_buffer_number_to_merge: 1
2021/10/13-17:31:38.070706 7f3eb80f1700     Options.max_write_buffer_number_to_maintain: 0
2021/10/13-17:31:38.070714 7f3eb80f1700     Options.max_write_buffer_size_to_maintain: 0
2021/10/13-17:31:38.070722 7f3eb80f1700            Options.bottommost_compression_opts.window_bits: -14
2021/10/13-17:31:38.070730 7f3eb80f1700                  Options.bottommost_compression_opts.level: 32767
2021/10/13-17:31:38.070738 7f3eb80f1700               Options.bottommost_compression_opts.strategy: 0
2021/10/13-17:31:38.070746 7f3eb80f1700         Options.bottommost_compression_opts.max_dict_bytes: 0
2021/10/13-17:31:38.070754 7f3eb80f1700         Options.bottommost_compression_opts.zstd_max_train_bytes: 0
2021/10/13-17:31:38.070761 7f3eb80f1700         Options.bottommost_compression_opts.parallel_threads: 1
2021/10/13-17:31:38.070769 7f3eb80f1700                  Options.bottommost_compression_opts.enabled: false
2021/10/13-17:31:38.070777 7f3eb80f1700            Options.compression_opts.window_bits: -14
2021/10/13-17:31:38.070785 7f3eb80f1700                  Options.compression_opts.level: 32767
2021/10/13-17:31:38.070793 7f3eb80f1700               Options.compression_opts.strategy: 0
2021/10/13-17:31:38.070801 7f3eb80f1700         Options.compression_opts.max_dict_bytes: 0
2021/10/13-17:31:38.070809 7f3eb80f1700         Options.compression_opts.zstd_max_train_bytes: 0
2021/10/13-17:31:38.071963 7f3eb80f1700         Options.compression_opts.parallel_threads: 1
2021/10/13-17:31:38.071978 7f3eb80f1700                  Options.compression_opts.enabled: false
2021/10/13-17:31:38.071987 7f3eb80f1700      Options.level0_file_num_compaction_trigger: 4
2021/10/13-17:31:38.071992 7f3eb80f1700          Options.level0_slowdown_writes_trigger: 20
2021/10/13-17:31:38.071998 7f3eb80f1700              Options.level0_stop_writes_trigger: 36
2021/10/13-17:31:38.072002 7f3eb80f1700                   Options.target_file_size_base: 4194304
2021/10/13-17:31:38.072007 7f3eb80f1700             Options.target_file_size_multiplier: 1
2021/10/13-17:31:38.072012 7f3eb80f1700                Options.max_bytes_for_level_base: 268435456
2021/10/13-17:31:38.072021 7f3eb80f1700 Options.level_compaction_dynamic_level_bytes: 1
2021/10/13-17:31:38.072031 7f3eb80f1700          Options.max_bytes_for_level_multiplier: 10.000000
2021/10/13-17:31:38.072040 7f3eb80f1700 Options.max_bytes_for_level_multiplier_addtl[0]: 1
2021/10/13-17:31:38.072049 7f3eb80f1700 Options.max_bytes_for_level_multiplier_addtl[1]: 1
2021/10/13-17:31:38.072054 7f3eb80f1700 Options.max_bytes_for_level_multiplier_addtl[2]: 1
2021/10/13-17:31:38.072059 7f3eb80f1700 Options.max_bytes_for_level_multiplier_addtl[3]: 1
2021/10/13-17:31:38.072063 7f3eb80f1700 Options.max_bytes_for_level_multiplier_addtl[4]: 1
2021/10/13-17:31:38.072069 7f3eb80f1700 Options.max_bytes_for_level_multiplier_addtl[5]: 1
2021/10/13-17:31:38.072074 7f3eb80f1700 Options.max_bytes_for_level_multiplier_addtl[6]: 1
2021/10/13-17:31:38.072081 7f3eb80f1700       Options.max_sequential_skip_in_iterations: 8
2021/10/13-17:31:38.072089 7f3eb80f1700                    Options.max_compaction_bytes: 104857600
2021/10/13-17:31:38.072094 7f3eb80f1700                        Options.arena_block_size: 524288
2021/10/13-17:31:38.072100 7f3eb80f1700   Options.soft_pending_compaction_bytes_limit: 68719476736
2021/10/13-17:31:38.072106 7f3eb80f1700   Options.hard_pending_compaction_bytes_limit: 274877906944
2021/10/13-17:31:38.072112 7f3eb80f1700       Options.rate_limit_delay_max_milliseconds: 100
2021/10/13-17:31:38.072120 7f3eb80f1700                Options.disable_auto_compactions: 0
2021/10/13-17:31:38.072129 7f3eb80f1700                        Options.compaction_style: kCompactionStyleLevel
2021/10/13-17:31:38.072138 7f3eb80f1700                          Options.compaction_pri: kMinOverlappingRatio
2021/10/13-17:31:38.072146 7f3eb80f1700 Options.compaction_options_universal.size_ratio: 1
2021/10/13-17:31:38.072154 7f3eb80f1700 Options.compaction_options_universal.min_merge_width: 2
2021/10/13-17:31:38.072162 7f3eb80f1700 Options.compaction_options_universal.max_merge_width: 4294967295
2021/10/13-17:31:38.072169 7f3eb80f1700 Options.compaction_options_universal.max_size_amplification_percent: 200
2021/10/13-17:31:38.072177 7f3eb80f1700 Options.compaction_options_universal.compression_size_percent: -1
2021/10/13-17:31:38.072186 7f3eb80f1700 Options.compaction_options_universal.stop_style: kCompactionStopStyleTotalSize
2021/10/13-17:31:38.072194 7f3eb80f1700 Options.compaction_options_fifo.max_table_files_size: 1073741824
2021/10/13-17:31:38.072201 7f3eb80f1700 Options.compaction_options_fifo.allow_compaction: 0
2021/10/13-17:31:38.072215 7f3eb80f1700                   Options.table_properties_collectors: 
2021/10/13-17:31:38.072223 7f3eb80f1700                   Options.inplace_update_support: 0
2021/10/13-17:31:38.072231 7f3eb80f1700                 Options.inplace_update_num_locks: 10000
2021/10/13-17:31:38.072240 7f3eb80f1700               Options.memtable_prefix_bloom_size_ratio: 0.000000
2021/10/13-17:31:38.072248 7f3eb80f1700               Options.memtable_whole_key_filtering: 0
2021/10/13-17:31:38.072256 7f3eb80f1700   Options.memtable_huge_page_size: 0
2021/10/13-17:31:38.072264 7f3eb80f1700                           Options.bloom_locality: 0
2021/10/13-17:31:38.072272 7f3eb80f1700                    Options.max_successive_merges: 0
2021/10/13-17:31:38.072280 7f3eb80f1700                Options.optimize_filters_for_hits: 0
2021/10/13-17:31:38.073218 7f3eb80f1700                Options.paranoid_file_checks: 0
2021/10/13-17:31:38.073230 7f3eb80f1700                Options.force_consistency_checks: 0
2021/10/13-17:31:38.073239 7f3eb80f1700                Options.report_bg_io_stats: 0
2021/10/13-17:31:38.073246 7f3eb80f1700                               Options.ttl: 2592000
2021/10/13-17:31:38.073252 7f3eb80f1700          Options.periodic_compaction_seconds: 0
2021/10/13-17:31:38.074971 7f3eb80f1700 [/version_set.cc:4634] Recovered from manifest file:data/standalone/bookkeeper0/current/locations/MANIFEST-000001 succeeded,manifest_file_number is 1, next_file_number is 3, last_sequence is 0, log_number is 0,prev_log_number is 0,max_column_family is 0,min_log_number_to_keep is 0
2021/10/13-17:31:38.074985 7f3eb80f1700 [/version_set.cc:4643] Column family [default] (ID 0), log number is 0
2021/10/13-17:31:38.103002 7f3eb80f1700 DB pointer 0x7f3eb25289f0
2021/10/13-17:31:38.103662 7f3cf7654700 [/db_impl/db_impl.cc:854] ------- DUMPING STATS -------
2021/10/13-17:31:38.103698 7f3cf7654700 [/db_impl/db_impl.cc:855] 
** DB Stats **
Uptime(secs): 0.0 total, 0.0 interval
Cumulative writes: 0 writes, 0 keys, 0 commit groups, 0.0 writes per commit group, ingest: 0.00 GB, 0.00 MB/s
Cumulative WAL: 0 writes, 0 syncs, 0.00 writes per sync, written: 0.00 GB, 0.00 MB/s
Cumulative stall: 00:00:0.000 H:M:S, 0.0 percent
Interval writes: 0 writes, 0 keys, 0 commit groups, 0.0 writes per commit group, ingest: 0.00 MB, 0.00 MB/s
Interval WAL: 0 writes, 0 syncs, 0.00 writes per sync, written: 0.00 MB, 0.00 MB/s
Interval stall: 00:00:0.000 H:M:S, 0.0 percent

** Compaction Stats [default] **
Level    Files   Size     Score Read(GB)  Rn(GB) Rnp1(GB) Write(GB) Wnew(GB) Moved(GB) W-Amp Rd(MB/s) Wr(MB/s) Comp(sec) CompMergeCPU(sec) Comp(cnt) Avg(sec) KeyIn KeyDrop
----------------------------------------------------------------------------------------------------------------------------------------------------------------------------
 Sum      0/0    0.00 KB   0.0      0.0     0.0      0.0       0.0      0.0       0.0   0.0      0.0      0.0      0.00              0.00         0    0.000       0      0
 Int      0/0    0.00 KB   0.0      0.0     0.0      0.0       0.0      0.0       0.0   0.0      0.0      0.0      0.00              0.00         0    0.000       0      0

** Compaction Stats [default] **
Priority    Files   Size     Score Read(GB)  Rn(GB) Rnp1(GB) Write(GB) Wnew(GB) Moved(GB) W-Amp Rd(MB/s) Wr(MB/s) Comp(sec) CompMergeCPU(sec) Comp(cnt) Avg(sec) KeyIn KeyDrop
-------------------------------------------------------------------------------------------------------------------------------------------------------------------------------
Uptime(secs): 0.0 total, 0.0 interval
Flush(GB): cumulative 0.000, interval 0.000
AddFile(GB): cumulative 0.000, interval 0.000
AddFile(Total Files): cumulative 0, interval 0
AddFile(L0 Files): cumulative 0, interval 0
AddFile(Keys): cumulative 0, interval 0
Cumulative compaction: 0.00 GB write, 0.00 MB/s write, 0.00 GB read, 0.00 MB/s read, 0.0 seconds
Interval compaction: 0.00 GB write, 0.00 MB/s write, 0.00 GB read, 0.00 MB/s read, 0.0 seconds
Stalls(count): 0 level0_slowdown, 0 level0_slowdown_with_compaction, 0 level0_numfiles, 0 level0_numfiles_with_compaction, 0 stop for pending_compaction_bytes, 0 slowdown for pending_compaction_bytes, 0 memtable_compaction, 0 memtable_slowdown, interval 0 total count

** File Read Latency Histogram By Level [default] **

** Compaction Stats [default] **
Level    Files   Size     Score Read(GB)  Rn(GB) Rnp1(GB) Write(GB) Wnew(GB) Moved(GB) W-Amp Rd(MB/s) Wr(MB/s) Comp(sec) CompMergeCPU(sec) Comp(cnt) Avg(sec) KeyIn KeyDrop
----------------------------------------------------------------------------------------------------------------------------------------------------------------------------
 Sum      0/0    0.00 KB   0.0      0.0     0.0      0.0       0.0      0.0       0.0   0.0      0.0      0.0      0.00              0.00         0    0.000       0      0
 Int      0/0    0.00 KB   0.0      0.0     0.0      0.0       0.0      0.0       0.0   0.0      0.0      0.0      0.00              0.00         0    0.000       0      0

** Compaction Stats [default] **
Priority    Files   Size     Score Read(GB)  Rn(GB) Rnp1(GB) Write(GB) Wnew(GB) Moved(GB) W-Amp Rd(MB/s) Wr(MB/s) Comp(sec) CompMergeCPU(sec) Comp(cnt) Avg(sec) KeyIn KeyDrop
-------------------------------------------------------------------------------------------------------------------------------------------------------------------------------
Uptime(secs): 0.0 total, 0.0 interval
Flush(GB): cumulative 0.000, interval 0.000
AddFile(GB): cumulative 0.000, interval 0.000
AddFile(Total Files): cumulative 0, interval 0
AddFile(L0 Files): cumulative 0, interval 0
AddFile(Keys): cumulative 0, interval 0
Cumulative compaction: 0.00 GB write, 0.00 MB/s write, 0.00 GB read, 0.00 MB/s read, 0.0 seconds
Interval compaction: 0.00 GB write, 0.00 MB/s write, 