2021/10/13-17:31:37.960617 7f3eb80f1700 RocksDB version: 6.10.2
2021/10/13-17:31:37.962062 7f3eb80f1700 Git sha rocksdb_build_git_sha:
2021/10/13-17:31:37.962076 7f3eb80f1700 Compile date Jun 28 2020
2021/10/13-17:31:37.962098 7f3eb80f1700 DB SUMMARY
2021/10/13-17:31:37.962268 7f3eb80f1700 SST files in data/standalone/bookkeeper0/current/ledgers dir, Total Num: 0, files: 
2021/10/13-17:31:37.962277 7f3eb80f1700 Write Ahead Log file in data/standalone/bookkeeper0/current/ledgers: 
2021/10/13-17:31:37.962282 7f3eb80f1700                         Options.error_if_exists: 0
2021/10/13-17:31:37.962288 7f3eb80f1700                       Options.create_if_missing: 1
2021/10/13-17:31:37.962295 7f3eb80f1700                         Options.paranoid_checks: 1
2021/10/13-17:31:37.962299 7f3eb80f1700                                     Options.env: 0x7f3d1402bf20
2021/10/13-17:31:37.962306 7f3eb80f1700                                      Options.fs: Posix File System
2021/10/13-17:31:37.962315 7f3eb80f1700                                Options.info_log: 0x7f3eb24ed7f0
2021/10/13-17:31:37.962323 7f3eb80f1700                Options.max_file_opening_threads: 16
2021/10/13-17:31:37.962331 7f3eb80f1700                              Options.statistics: (nil)
2021/10/13-17:31:37.962339 7f3eb80f1700                               Options.use_fsync: 0
2021/10/13-17:31:37.962347 7f3eb80f1700                       Options.max_log_file_size: 0
2021/10/13-17:31:37.962355 7f3eb80f1700                  Options.max_manifest_file_size: 1073741824
2021/10/13-17:31:37.962363 7f3eb80f1700                   Options.log_file_time_to_roll: 86400
2021/10/13-17:31:37.962371 7f3eb80f1700                       Options.keep_log_file_num: 30
2021/10/13-17:31:37.962379 7f3eb80f1700                    Options.recycle_log_file_num: 0
2021/10/13-17:31:37.962386 7f3eb80f1700                         Options.allow_fallocate: 1
2021/10/13-17:31:37.962394 7f3eb80f1700                        Options.allow_mmap_reads: 0
2021/10/13-17:31:37.962402 7f3eb80f1700                       Options.allow_mmap_writes: 0
2021/10/13-17:31:37.962410 7f3eb80f1700                        Options.use_direct_reads: 0
2021/10/13-17:31:37.962418 7f3eb80f1700                        Options.use_direct_io_for_flush_and_compaction: 0
2021/10/13-17:31:37.962426 7f3eb80f1700          Options.create_missing_column_families: 0
2021/10/13-17:31:37.962434 7f3eb80f1700                              Options.db_log_dir: 
2021/10/13-17:31:37.962443 7f3eb80f1700                                 Options.wal_dir: data/standalone/bookkeeper0/current/ledgers
2021/10/13-17:31:37.962451 7f3eb80f1700                Options.table_cache_numshardbits: 6
2021/10/13-17:31:37.962459 7f3eb80f1700                      Options.max_subcompactions: 1
2021/10/13-17:31:37.962467 7f3eb80f1700                         Options.WAL_ttl_seconds: 0
2021/10/13-17:31:37.962475 7f3eb80f1700                       Options.WAL_size_limit_MB: 0
2021/10/13-17:31:37.962483 7f3eb80f1700                        Options.max_write_batch_group_size_bytes: 1048576
2021/10/13-17:31:37.962491 7f3eb80f1700             Options.manifest_preallocation_size: 4194304
2021/10/13-17:31:37.962499 7f3eb80f1700                     Options.is_fd_close_on_exec: 1
2021/10/13-17:31:37.962507 7f3eb80f1700                   Options.advise_random_on_open: 1
2021/10/13-17:31:37.962515 7f3eb80f1700                    Options.db_write_buffer_size: 0
2021/10/13-17:31:37.962523 7f3eb80f1700                    Options.write_buffer_manager: 0x7f3eb24ed7c0
2021/10/13-17:31:37.962531 7f3eb80f1700         Options.access_hint_on_compaction_start: 1
2021/10/13-17:31:37.962539 7f3eb80f1700  Options.new_table_reader_for_compaction_inputs: 0
2021/10/13-17:31:37.962547 7f3eb80f1700           Options.random_access_max_buffer_size: 1048576
2021/10/13-17:31:37.962554 7f3eb80f1700                      Options.use_adaptive_mutex: 0
2021/10/13-17:31:37.962563 7f3eb80f1700                            Options.rate_limiter: (nil)
2021/10/13-17:31:37.962573 7f3eb80f1700     Options.sst_file_manager.rate_bytes_per_sec: 0
2021/10/13-17:31:37.962582 7f3eb80f1700                       Options.wal_recovery_mode: 2
2021/10/13-17:31:37.963598 7f3eb80f1700                  Options.enable_thread_tracking: 0
2021/10/13-17:31:37.963612 7f3eb80f1700                  Options.enable_pipelined_write: 0
2021/10/13-17:31:37.963621 7f3eb80f1700                  Options.unordered_write: 0
2021/10/13-17:31:37.963629 7f3eb80f1700         Options.allow_concurrent_memtable_write: 1
2021/10/13-17:31:37.963637 7f3eb80f1700      Options.enable_write_thread_adaptive_yield: 1
2021/10/13-17:31:37.963642 7f3eb80f1700             Options.write_thread_max_yield_usec: 100
2021/10/13-17:31:37.963648 7f3eb80f1700            Options.write_thread_slow_yield_usec: 3
2021/10/13-17:31:37.963656 7f3eb80f1700                               Options.row_cache: None
2021/10/13-17:31:37.963665 7f3eb80f1700                              Options.wal_filter: None
2021/10/13-17:31:37.963673 7f3eb80f1700             Options.avoid_flush_during_recovery: 0
2021/10/13-17:31:37.963679 7f3eb80f1700             Options.allow_ingest_behind: 0
2021/10/13-17:31:37.963684 7f3eb80f1700             Options.preserve_deletes: 0
2021/10/13-17:31:37.963691 7f3eb80f1700             Options.two_write_queues: 0
2021/10/13-17:31:37.963699 7f3eb80f1700             Options.manual_wal_flush: 0
2021/10/13-17:31:37.963707 7f3eb80f1700             Options.atomic_flush: 0
2021/10/13-17:31:37.963715 7f3eb80f1700             Options.avoid_unnecessary_blocking_io: 0
2021/10/13-17:31:37.963723 7f3eb80f1700                 Options.persist_stats_to_disk: 0
2021/10/13-17:31:37.963731 7f3eb80f1700                 Options.write_dbid_to_manifest: 0
2021/10/13-17:31:37.963739 7f3eb80f1700                 Options.log_readahead_size: 0
2021/10/13-17:31:37.963747 7f3eb80f1700                 Options.file_checksum_gen_factory: Unknown
2021/10/13-17:31:37.963755 7f3eb80f1700                 Options.best_efforts_recovery: 0
2021/10/13-17:31:37.963768 7f3eb80f1700             Options.max_background_jobs: 2
2021/10/13-17:31:37.963776 7f3eb80f1700             Options.max_background_compactions: -1
2021/10/13-17:31:37.963784 7f3eb80f1700             Options.avoid_flush_during_shutdown: 0
2021/10/13-17:31:37.963792 7f3eb80f1700           Options.writable_file_max_buffer_size: 1048576
2021/10/13-17:31:37.963800 7f3eb80f1700             Options.delayed_write_rate : 16777216
2021/10/13-17:31:37.963808 7f3eb80f1700             Options.max_total_wal_size: 0
2021/10/13-17:31:37.963816 7f3eb80f1700             Options.delete_obsolete_files_period_micros: 21600000000
2021/10/13-17:31:37.963824 7f3eb80f1700                   Options.stats_dump_period_sec: 600
2021/10/13-17:31:37.963832 7f3eb80f1700                 Options.stats_persist_period_sec: 600
2021/10/13-17:31:37.963840 7f3eb80f1700                 Options.stats_history_buffer_size: 1048576
2021/10/13-17:31:37.963848 7f3eb80f1700                          Options.max_open_files: -1
2021/10/13-17:31:37.963856 7f3eb80f1700                          Options.bytes_per_sync: 0
2021/10/13-17:31:37.963864 7f3eb80f1700                      Options.wal_bytes_per_sync: 0
2021/10/13-17:31:37.963872 7f3eb80f1700                   Options.strict_bytes_per_sync: 0
2021/10/13-17:31:37.963880 7f3eb80f1700       Options.compaction_readahead_size: 0
2021/10/13-17:31:37.963888 7f3eb80f1700                  Options.max_background_flushes: -1
2021/10/13-17:31:37.963896 7f3eb80f1700 Compression algorithms supported:
2021/10/13-17:31:37.963905 7f3eb80f1700 	kZSTDNotFinalCompression supported: 1
2021/10/13-17:31:37.963954 7f3eb80f1700 	kZSTD supported: 1
2021/10/13-17:31:37.963964 7f3eb80f1700 	kXpressCompression supported: 0
2021/10/13-17:31:37.963977 7f3eb80f1700 	kLZ4HCCompression supported: 1
2021/10/13-17:31:37.963985 7f3eb80f1700 	kLZ4Compression supported: 1
2021/10/13-17:31:37.963993 7f3eb80f1700 	kBZip2Compression supported: 1
2021/10/13-17:31:37.964001 7f3eb80f1700 	kZlibCompression supported: 1
2021/10/13-17:31:37.964009 7f3eb80f1700 	kSnappyCompression supported: 1
2021/10/13-17:31:37.964024 7f3eb80f1700 Fast CRC32 supported: Not supported on x86
2021/10/13-17:31:37.971776 7f3eb80f1700 [/db_impl/db_impl_open.cc:271] Creating manifest 1 
2021/10/13-17:31:37.984386 7f3eb80f1700 [/version_set.cc:4477] Recovering from manifest file: data/standalone/bookkeeper0/current/ledgers/MANIFEST-000001
2021/10/13-17:31:37.986629 7f3eb80f1700 [/column_family.cc:579] --------------- Options for column family [default]:
2021/10/13-17:31:37.986654 7f3eb80f1700               Options.comparator: leveldb.BytewiseComparator
2021/10/13-17:31:37.986663 7f3eb80f1700           Options.merge_operator: None
2021/10/13-17:31:37.986671 7f3eb80f1700        Options.compaction_filter: None
2021/10/13-17:31:37.986679 7f3eb80f1700        Options.compaction_filter_factory: None
2021/10/13-17:31:37.986688 7f3eb80f1700         Options.memtable_factory: SkipListFactory
2021/10/13-17:31:37.986697 7f3eb80f1700            Options.table_factory: BlockBasedTable
2021/10/13-17:31:37.986725 7f3eb80f1700            table_factory options:   flush_block_policy_factory: FlushBlockBySizePolicyFactory (0x7f3eb24eac30)
  cache_index_and_filter_blocks: 0
  cache_index_and_filter_blocks_with_high_priority: 1
  pin_l0_filter_and_index_blocks_in_cache: 0
  pin_top_level_index_and_filter: 1
  index_type: 0
  data_block_index_type: 0
  index_shortening: 1
  data_block_hash_table_util_ratio: 0.750000
  hash_index_allow_collision: 1
  checksum: 1
  no_block_cache: 0
  block_cache: 0x7f3eb24fad60
  block_cache_name: LRUCache
  block_cache_options:
    capacity : 8388608
    num_shard_bits : 4
    strict_capacity_limit : 0
    memory_allocator : None
    high_pri_pool_ratio: 0.000
  block_cache_compressed: (nil)
  persistent_cache: (nil)
  block_size: 4096
  block_size_deviation: 10
  block_restart_interval: 16
  index_block_restart_interval: 1
  metadata_block_size: 4096
  partition_filters: 0
  use_delta_encoding: 1
  filter_policy: nullptr
  whole_key_filtering: 1
  verify_compression: 0
  read_amp_bytes_per_bit: 0
  format_version: 4
  enable_index_compression: 1
  block_align: 0
2021/10/13-17:31:37.986731 7f3eb80f1700        Options.write_buffer_size: 67108864
2021/10/13-17:31:37.986738 7f3eb80f1700  Options.max_write_buffer_number: 2
2021/10/13-17:31:37.986747 7f3eb80f1700          Options.compression: Snappy
2021/10/13-17:31:37.986755 7f3eb80f1700                  Options.bottommost_compression: Disabled
2021/10/13-17:31:37.986759 7f3eb80f1700       Options.prefix_extractor: nullptr
2021/10/13-17:31:37.986764 7f3eb80f1700   Options.memtable_insert_with_hint_prefix_extractor: nullptr
2021/10/13-17:31:37.986768 7f3eb80f1700             Options.num_levels: 7
2021/10/13-17:31:37.986774 7f3eb80f1700        Options.min_write_buffer_number_to_merge: 1
2021/10/13-17:31:37.986780 7f3eb80f1700     Options.max_write_buffer_number_to_maintain: 0
2021/10/13-17:31:37.986787 7f3eb80f1700     Options.max_write_buffer_size_to_maintain: 0
2021/10/13-17:31:37.986795 7f3eb80f1700            Options.bottommost_compression_opts.window_bits: -14
2021/10/13-17:31:37.986804 7f3eb80f1700                  Options.bottommost_compression_opts.level: 32767
2021/10/13-17:31:37.986812 7f3eb80f1700               Options.bottommost_compression_opts.strategy: 0
2021/10/13-17:31:37.986820 7f3eb80f1700         Options.bottommost_compression_opts.max_dict_bytes: 0
2021/10/13-17:31:37.986827 7f3eb80f1700         Options.bottommost_compression_opts.zstd_max_train_bytes: 0
2021/10/13-17:31:37.986835 7f3eb80f1700         Options.bottommost_compression_opts.parallel_threads: 1
2021/10/13-17:31:37.986843 7f3eb80f1700                  Options.bottommost_compression_opts.enabled: false
2021/10/13-17:31:37.986852 7f3eb80f1700            Options.compression_opts.window_bits: -14
2021/10/13-17:31:37.986860 7f3eb80f1700                  Options.compression_opts.level: 32767
2021/10/13-17:31:37.986867 7f3eb80f1700               Options.compression_opts.strategy: 0
2021/10/13-17:31:37.986904 7f3eb80f1700         Options.compression_opts.max_dict_bytes: 0
2021/10/13-17:31:37.986914 7f3eb80f1700         Options.compression_opts.zstd_max_train_bytes: 0
2021/10/13-17:31:37.986918 7f3eb80f1700         Options.compression_opts.parallel_threads: 1
2021/10/13-17:31:37.988116 7f3eb80f1700                  Options.compression_opts.enabled: false
2021/10/13-17:31:37.988130 7f3eb80f1700      Options.level0_file_num_compaction_trigger: 4
2021/10/13-17:31:37.988139 7f3eb80f1700          Options.level0_slowdown_writes_trigger: 20
2021/10/13-17:31:37.988146 7f3eb80f1700              Options.level0_stop_writes_trigger: 36
2021/10/13-17:31:37.988152 7f3eb80f1700                   Options.target_file_size_base: 67108864
2021/10/13-17:31:37.988158 7f3eb80f1700             Options.target_file_size_multiplier: 1
2021/10/13-17:31:37.988165 7f3eb80f1700                Options.max_bytes_for_level_base: 268435456
2021/10/13-17:31:37.988170 7f3eb80f1700 Options.level_compaction_dynamic_level_bytes: 0
2021/10/13-17:31:37.988178 7f3eb80f1700          Options.max_bytes_for_level_multiplier: 10.000000
2021/10/13-17:31:37.988184 7f3eb80f1700 Options.max_bytes_for_level_multiplier_addtl[0]: 1
2021/10/13-17:31:37.988190 7f3eb80f1700 Options.max_bytes_for_level_multiplier_addtl[1]: 1
2021/10/13-17:31:37.988195 7f3eb80f1700 Options.max_bytes_for_level_multiplier_addtl[2]: 1
2021/10/13-17:31:37.988201 7f3eb80f1700 Options.max_bytes_for_level_multiplier_addtl[3]: 1
2021/10/13-17:31:37.988207 7f3eb80f1700 Options.max_bytes_for_level_multiplier_addtl[4]: 1
2021/10/13-17:31:37.988212 7f3eb80f1700 Options.max_bytes_for_level_multiplier_addtl[5]: 1
2021/10/13-17:31:37.988217 7f3eb80f1700 Options.max_bytes_for_level_multiplier_addtl[6]: 1
2021/10/13-17:31:37.988221 7f3eb80f1700       Options.max_sequential_skip_in_iterations: 8
2021/10/13-17:31:37.988226 7f3eb80f1700                    Options.max_compaction_bytes: 1677721600
2021/10/13-17:31:37.988231 7f3eb80f1700                        Options.arena_block_size: 8388608
2021/10/13-17:31:37.988238 7f3eb80f1700   Options.soft_pending_compaction_bytes_limit: 68719476736
2021/10/13-17:31:37.988246 7f3eb80f1700   Options.hard_pending_compaction_bytes_limit: 274877906944
2021/10/13-17:31:37.988254 7f3eb80f1700       Options.rate_limit_delay_max_milliseconds: 100
2021/10/13-17:31:37.988262 7f3eb80f1700                Options.disable_auto_compactions: 0
2021/10/13-17:31:37.988268 7f3eb80f1700                        Options.compaction_style: kCompactionStyleLevel
2021/10/13-17:31:37.988274 7f3eb80f1700                          Options.compaction_pri: kMinOverlappingRatio
2021/10/13-17:31:37.988279 7f3eb80f1700 Options.compaction_options_universal.size_ratio: 1
2021/10/13-17:31:37.988285 7f3eb80f1700 Options.compaction_options_universal.min_merge_width: 2
2021/10/13-17:31:37.988292 7f3eb80f1700 Options.compaction_options_universal.max_merge_width: 4294967295
2021/10/13-17:31:37.988297 7f3eb80f1700 Options.compaction_options_universal.max_size_amplification_percent: 200
2021/10/13-17:31:37.988302 7f3eb80f1700 Options.compaction_options_universal.compression_size_percent: -1
2021/10/13-17:31:37.988308 7f3eb80f1700 Options.compaction_options_universal.stop_style: kCompactionStopStyleTotalSize
2021/10/13-17:31:37.988312 7f3eb80f1700 Options.compaction_options_fifo.max_table_files_size: 1073741824
2021/10/13-17:31:37.988319 7f3eb80f1700 Options.compaction_options_fifo.allow_compaction: 0
2021/10/13-17:31:37.988330 7f3eb80f1700                   Options.table_properties_collectors: 
2021/10/13-17:31:37.988334 7f3eb80f1700                   Options.inplace_update_support: 0
2021/10/13-17:31:37.988340 7f3eb80f1700                 Options.inplace_update_num_locks: 10000
2021/10/13-17:31:37.988345 7f3eb80f1700               Options.memtable_prefix_bloom_size_ratio: 0.000000
2021/10/13-17:31:37.988349 7f3eb80f1700               Options.memtable_whole_key_filtering: 0
2021/10/13-17:31:37.988353 7f3eb80f1700   Options.memtable_huge_page_size: 0
2021/10/13-17:31:37.988359 7f3eb80f1700                           Options.bloom_locality: 0
2021/10/13-17:31:37.988363 7f3eb80f1700                    Options.max_successive_merges: 0
2021/10/13-17:31:37.988368 7f3eb80f1700                Options.optimize_filters_for_hits: 0
2021/10/13-17:31:37.989296 7f3eb80f1700                Options.paranoid_file_checks: 0
2021/10/13-17:31:37.989309 7f3eb80f1700                Options.force_consistency_checks: 0
2021/10/13-17:31:37.989317 7f3eb80f1700                Options.report_bg_io_stats: 0
2021/10/13-17:31:37.989325 7f3eb80f1700                               Options.ttl: 2592000
2021/10/13-17:31:37.989337 7f3eb80f1700          Options.periodic_compaction_seconds: 0
2021/10/13-17:31:37.990815 7f3eb80f1700 [/version_set.cc:4634] Recovered from manifest file:data/standalone/bookkeeper0/current/ledgers/MANIFEST-000001 succeeded,manifest_file_number is 1, next_file_number is 3, last_sequence is 0, log_number is 0,prev_log_number is 0,max_column_family is 0,min_log_number_to_keep is 0
2021/10/13-17:31:37.990825 7f3eb80f1700 [/version_set.cc:4643] Column family [default] (ID 0), log number is 0
2021/10/13-17:31:38.016020 7f3eb80f1700 DB pointer 0x7f3eb24edf30
2021/10/13-17:31:38.016940 7f3d0b67c700 [/db_impl/db_impl.cc:854] ------- DUMPING STATS -------
2021/10/13-17:31:38.016978 7f3d0b67c700 [/db_impl/db_impl.cc:855] 
** DB Stats **
Uptime(secs): 0.0 total, 0.0 interval
Cumulative writes: 0 writes, 0 keys, 0 commit groups, 0.0 writes per commit group, ingest: 0.00 GB, 0.00 MB/s
Cumulative WAL: 0 writes, 0 syncs, 0.00 writes per sync, written: 0.00 GB, 0.00 MB/s
Cumulative stall: 00:00:0.000 H:M:S, 0.0 percent
Interval writes: 0 writes, 0 keys, 0 commit groups, 0.0 writes per commit group, ingest: 0.00 MB, 0.00 MB/s
Interval WAL: 0 writes, 0 syncs, 0.00 writes per sync, written: 0.00 MB, 0.00 MB/s
Interval stall: 00:00:0.000 H:M:S, 0.0 percent

** Compaction Stats [default] **
Level    Files   Size     Score Read(GB)  Rn(GB) Rnp1(GB) Write(GB) Wnew(GB) Moved(GB) W-Amp Rd(MB/s) Wr(MB/s) Comp(sec) CompMergeCPU(sec) Comp(cnt) Avg(sec) KeyIn KeyDrop
----------------------------------------------------------------------------------------------------------------------------------------------------------------------------
 Sum      0/0    0.00 KB   0.0      0.0     0.0      0.0       0.0      0.0       0.0   0.0      0.0      0.0      0.00              0.00         0    0.000       0      0
 Int      0/0    0.00 KB   0.0      0.0     0.0      0.0       0.0      0.0       0.0   0.0      0.0      0.0      0.00              0.00         0    0.000       0      0

** Compaction Stats [default] **
Priority    Files   Size     Score Read(GB)  Rn(GB) Rnp1(GB) Write(GB) Wnew(GB) Moved(GB) W-Amp Rd(MB/s) Wr(MB/s) Comp(sec) CompMergeCPU(sec) Comp(cnt) Avg(sec) KeyIn KeyDrop
-------------------------------------------------------------------------------------------------------------------------------------------------------------------------------
Uptime(secs): 0.0 total, 0.0 interval
Flush(GB): cumulative 0.000, interval 0.000
AddFile(GB): cumulative 0.000, interval 0.000
AddFile(Total Files): cumulative 0, interval 0
AddFile(L0 Files): cumulative 0, interval 0
AddFile(Keys): cumulative 0, interval 0
Cumulative compaction: 0.00 GB write, 0.00 MB/s write, 0.00 GB read, 0.00 MB/s read, 0.0 seconds
Interval compaction: 0.00 GB write, 0.00 MB/s write, 0.00 GB read, 0.00 MB/s read, 0.0 seconds
Stalls(count): 0 level0_slowdown, 0 level0_slowdown_with_compaction, 0 level0_numfiles, 0 level0_numfiles_with_compaction, 0 stop for pending_compaction_bytes, 0 slowdown for pending_compaction_bytes, 0 memtable_compaction, 0 memtable_slowdown, interval 0 total count

** File Read Latency Histogram By Level [default] **

** Compaction Stats [default] **
Level    Files   Size     Score Read(GB)  Rn(GB) Rnp1(GB) Write(GB) Wnew(GB) Moved(GB) W-Amp Rd(MB/s) Wr(MB/s) Comp(sec) CompMergeCPU(sec) Comp(cnt) Avg(sec) KeyIn KeyDrop
----------------------------------------------------------------------------------------------------------------------------------------------------------------------------
 Sum      0/0    0.00 KB   0.0      0.0     0.0      0.0       0.0      0.0       0.0   0.0      0.0      0.0      0.00              0.00         0    0.000       0      0
 Int      0/0    0.00 KB   0.0      0.0     0.0      0.0       0.0      0.0       0.0   0.0      0.0      0.0      0.00              0.00         0    0.000       0      0

** Compaction Stats [default] **
Priority    Files   Size     Score Read(GB)  Rn(GB) Rnp1(GB) Write(GB) Wnew(GB) Moved(GB) W-Amp Rd(MB/s) Wr(MB/s) Comp(sec) CompMergeCPU(sec) Comp(cnt) Avg(sec) KeyIn KeyDrop
-------------------------------------------------------------------------------------------------------------------------------------------------------------------------------
Uptime(secs): 0.0 total, 0.0 interval
Flush(GB): cumulative 0.000, interval 0.000
AddFile(GB): cumulative 0.000, interval 0.000
AddFile(Total Files): cumulative 0, interval 0
AddFile(L0 Files): cumulative 0, interval 0
AddFile(Keys): cumulative 0, interval 0
Cumulative compaction: 0.00 GB write, 0.00 MB/s write, 0.00 GB read, 0.00 MB/s read, 0.0 seconds
Interval compaction: 0.00 GB write, 0.00 MB/s write, 